VirtualFile :: {
.compress
	~01 IsDebug: True
.compress-raw
	~02 Filename: C:\Users\todor\OneDrive\Desktop\Origin Folder\program-bootstrap\bin\Debug\bootstrap-working-directory-5hbuprx2.pfe\origin-cs--09-26-2023-12-03-AM-1020-Sample-101\Test\Meta\TestMeta.txt
	~03 ContentByteArray: . . . <300>
}

~10 ContentByteArray:
10
9
111
32
109
101
116
97
32
79
32
77
69
84
65
10
10
9
111
32
116
121
112
101
32
79
32
84
89
80
69
10
10
9
111
32
108
105
110
107
32
79
32
76
73
78
75
10
10
9
111
32
115
116
97
116
105
99
32
79
32
83
84
65
84
73
67
10
10
115
101
113
117
101
110
99
101
32
84
101
115
116
32
58
32
110
111
32
117
110
117
115
101
100
32
110
97
109
101
115
112
97
99
101
40
115
41
10
10
9
62
68
97
116
97
10
9
60
60
84
101
115
116
68
97
116
97
46
99
115
10
10
9
62
80
114
111
116
111
116
121
112
101
10
9
60
60
84
101
115
116
80
114
111
116
111
116
121
112
101
46
99
115
10
10
9
60
84
101
115
116
46
99
115
10
10
9
111
32
47
111
98
106
101
99
116
92
79
66
74
69
67
84
47
84
101
115
116
79
98
106
101
99
116
46
99
115
92
10
10
9
111
32
47
111
98
106
101
99
116
92
79
66
74
69
67
84
47
84
101
115
116
68
97
116
97
79
98
106
101
99
116
46
99
115
92
10
10
9
111
32
47
115
101
113
117
101
110
99
101
92
83
69
81
85
69
78
67
69
47
84
101
115
116
83
101
113
101
117
110
99
101
46
99
115
92
10
10
101
110
100
32
115
101
113
117
101
110
99
101