VirtualFile :: {
.compress
	~01 IsDebug: True
.compress-raw
	~02 Filename: C:\Users\todor\OneDrive\Desktop\Origin Folder\program-bootstrap\bin\Debug\bootstrap-working-directory-5hbuprx2.pfe\origin-cs--09-26-2023-12-03-AM-1020-Sample-101\Test\Object\TestObject\TestObject.cs
	~03 ContentByteArray: . . . <159>
}

~10 ContentByteArray:
117
115
105
110
103
32
78
111
116
67
111
114
101
59
10
10
110
97
109
101
115
112
97
99
101
32
78
111
116
67
111
114
101
10
123
10
9
117
115
105
110
103
32
83
121
115
116
101
109
59
10
10
9
105
110
116
101
114
110
97
108
32
112
97
114
116
105
97
108
32
99
108
97
115
115
32
84
101
115
116
10
9
123
10
9
9
112
117
98
108
105
99
32
111
118
101
114
114
105
100
101
32
83
116
114
105
110
103
32
84
111
83
116
114
105
110
103
40
41
10
9
9
123
10
9
9
9
114
101
116
117
114
110
32
68
97
116
97
46
84
111
83
116
114
105
110
103
40
41
59
10
9
9
125
10
9
125
10
125