VirtualFile :: {
.compress
	~01 IsDebug: True
.compress-raw
	~02 Filename: C:\Users\todor\OneDrive\Desktop\Origin Folder\program-bootstrap\bin\Debug\bootstrap-working-directory-5hbuprx2.pfe\origin-cs--09-26-2023-12-03-AM-1020-Sample-101\Test\Link\Policy\TestLinkPolicy.cs
	~03 ContentByteArray: . . . <286>
}

~10 ContentByteArray:
117
115
105
110
103
32
78
111
116
67
111
114
101
59
10
10
110
97
109
101
115
112
97
99
101
32
78
111
116
67
111
114
101
10
123
10
9
117
115
105
110
103
32
83
121
115
116
101
109
59
10
10
9
117
115
105
110
103
32
83
121
115
116
101
109
46
67
111
108
108
101
99
116
105
111
110
115
59
10
10
9
105
110
116
101
114
110
97
108
32
112
97
114
116
105
97
108
32
99
108
97
115
115
32
84
101
115
116
80
111
108
105
99
121
10
9
123
10
9
9
105
110
116
101
114
110
97
108
32
115
116
97
116
105
99
32
65
114
114
97
121
76
105
115
116
32
84
101
115
116
65
114
114
97
121
76
105
115
116
32
61
32
110
101
119
32
65
114
114
97
121
76
105
115
116
40
41
59
10
10
9
9
105
110
116
101
114
110
97
108
32
115
116
97
116
105
99
32
66
111
111
108
101
97
110
32
84
101
115
116
68
101
98
117
103
80
111
108
105
99
121
32
61
32
102
97
108
115
101
59
10
10
9
9
105
110
116
101
114
110
97
108
32
115
116
97
116
105
99
32
66
111
111
108
101
97
110
32
84
101
115
116
73
110
102
111
80
111
108
105
99
121
32
61
32
102
97
108
115
101
59
10
9
125
10
125