VirtualFile :: {
.compress
	~01 IsDebug: True
.compress-raw
	~02 Filename: C:\Users\todor\OneDrive\Desktop\Origin Folder\program-bootstrap\bin\Debug\bootstrap-working-directory-5hbuprx2.pfe\origin-cs--09-26-2023-12-03-AM-1020-Sample-101\Test\Type\Make\Default\TestMakeDefault.cs
	~03 ContentByteArray: . . . <319>
}

~10 ContentByteArray:
117
115
105
110
103
32
78
111
116
67
111
114
101
59
10
10
110
97
109
101
115
112
97
99
101
32
78
111
116
67
111
114
101
10
123
10
9
117
115
105
110
103
32
83
121
115
116
101
109
59
10
10
9
105
110
116
101
114
110
97
108
32
112
97
114
116
105
97
108
32
99
108
97
115
115
32
84
101
115
116
10
9
123
10
9
9
105
110
116
101
114
110
97
108
32
115
116
97
116
105
99
32
84
101
115
116
32
77
97
107
101
84
101
115
116
68
101
102
97
117
108
116
40
66
111
111
108
101
97
110
32
100
101
98
117
103
41
10
9
9
123
10
9
9
9
84
101
115
116
32
116
101
115
116
82
101
115
117
108
116
32
61
32
100
101
102
97
117
108
116
59
10
10
9
9
9
118
97
114
32
114
101
115
117
108
116
32
61
32
110
101
119
32
84
101
115
116
83
101
113
117
101
110
99
101
40
100
101
98
117
103
41
46
82
101
115
117
108
116
59
10
10
9
9
9
84
101
115
116
80
111
108
105
99
121
46
84
101
115
116
65
114
114
97
121
76
105
115
116
46
65
100
100
40
114
101
115
117
108
116
41
59
10
10
9
9
9
116
101
115
116
82
101
115
117
108
116
32
61
32
114
101
115
117
108
116
59
10
10
9
9
9
114
101
116
117
114
110
32
116
101
115
116
82
101
115
117
108
116
59
10
9
9
125
10
9
125
10
125