VirtualFile :: {
.compress
	~01 IsDebug: True
.compress-raw
	~02 Filename: C:\Users\todor\OneDrive\Desktop\Origin Folder\program-bootstrap\bin\Debug\bootstrap-working-directory-5hbuprx2.pfe\origin-cs--09-26-2023-12-03-AM-1020-Sample-101\Test\Sequence\Debug\TestSequenceDebug.cs
	~03 ContentByteArray: . . . <616>
}

~10 ContentByteArray:
117
115
105
110
103
32
78
111
116
67
111
114
101
59
10
10
110
97
109
101
115
112
97
99
101
32
78
111
116
67
111
114
101
10
123
10
9
117
115
105
110
103
32
83
121
115
116
101
109
59
10
10
9
105
110
116
101
114
110
97
108
32
112
97
114
116
105
97
108
32
99
108
97
115
115
32
84
101
115
116
83
101
113
117
101
110
99
101
10
9
123
10
9
9
105
110
116
101
114
110
97
108
32
115
116
97
116
105
99
32
118
111
105
100
32
68
101
98
117
103
40
66
111
111
108
101
97
110
32
100
101
98
117
103
41
10
9
9
123
10
9
9
9
105
102
32
40
100
101
98
117
103
32
105
115
32
116
114
117
101
41
10
9
9
9
123
10
9
9
9
9
118
97
114
32
100
101
115
99
114
105
112
116
111
114
32
61
32
83
116
114
105
110
103
46
74
111
105
110
40
39
92
110
39
46
84
111
83
116
114
105
110
103
40
41
44
32
110
101
119
32
83
116
114
105
110
103
91
93
32
123
10
10
9
9
9
9
9
83
116
114
105
110
103
46
69
109
112
116
121
32
43
32
110
97
109
101
111
102
40
84
101
115
116
41
32
43
32
39
32
39
32
43
32
34
58
58
34
32
43
32
39
32
39
32
43
32
110
97
109
101
111
102
40
84
101
115
116
83
101
113
117
101
110
99
101
41
32
43
32
39
32
39
32
43
32
39
123
39
44
10
9
9
9
9
9
83
116
114
105
110
103
46
69
109
112
116
121
32
43
32
39
46
39
32
43
32
34
100
101
98
117
103
34
44
10
9
9
9
9
9
83
116
114
105
110
103
46
69
109
112
116
121
32
43
32
39
92
116
39
32
43
32
39
126
39
32
43
32
34
48
49
34
32
43
32
39
32
39
32
43
32
110
97
109
101
111
102
40
100
101
98
117
103
41
32
43
32
39
58
39
32
43
32
39
32
39
32
43
32
100
101
98
117
103
44
10
9
9
9
9
9
83
116
114
105
110
103
46
69
109
112
116
121
32
43
32
39
125
39
10
9
9
9
9
125
41
59
10
10
9
9
9
9
67
111
110
115
111
108
101
46
67
108
101
97
114
40
41
59
10
10
9
9
9
9
67
111
110
115
111
108
101
46
79
117
116
46
87
114
105
116
101
76
105
110
101
40
100
101
115
99
114
105
112
116
111
114
41
59
10
10
9
9
9
9
67
111
110
115
111
108
101
46
73
110
46
82
101
97
100
76
105
110
101
40
41
59
10
9
9
9
125
10
9
9
9
101
108
115
101
10
9
9
9
9
34
102
97
108
115
101
34
46
84
111
83
116
114
105
110
103
40
41
59
10
10
9
9
9
114
101
116
117
114
110
59
10
9
9
125
10
9
125
10
125