VirtualFile :: VirtualFileSequence {
.debug
	~01 filename: C:\Users\todor\OneDrive\Desktop\Origin Folder\program-bootstrap\bin\Debug\bootstrap-working-directory-5hbuprx2.pfe\origin-cs--09-26-2023-12-03-AM-1020-Sample-101\ReadMe.txt
	~02 contentByteArray: . . . <123>
	~03 debug: True
}

~10 contentByteArray:
10
9
79
32
75
101
101
112
32
121
111
117
114
32
46
65
112
112
67
111
110
102
105
103
32
102
105
108
101
44
32
97
110
100
32
109
111
118
101
32
105
116
32
116
111
32
116
104
101
32
83
116
117
100
105
111
47
52
68
32
102
111
108
100
101
114
32
46
10
10
9
79
32
77
97
107
101
32
121
111
117
114
115
101
108
102
32
97
32
112
101
114
115
111
110
97
108
105
122
101
100
32
53
49
50
47
53
49
50
32
112
105
120
101
108
32
46
105
99
111
32
46
10