VirtualFolder :: {
.compress
	~01 IsDebug::True
.compress-raw
	~02 FullName: C:\Users\todor\OneDrive\Desktop\Origin Folder\program-bootstrap\bin\Debug\bootstrap-working-directory-5hbuprx2.pfe\origin-cs--09-26-2023-12-03-AM-1020-Sample-101\Test\Prototype
	~03 FilesystemEntryArrayList: . . . <1>
}

~10 FilesystemEntryArrayList:
VirtualFile :: {
.compress
	~01 IsDebug: True
.compress-raw
	~02 Filename: C:\Users\todor\OneDrive\Desktop\Origin Folder\program-bootstrap\bin\Debug\bootstrap-working-directory-5hbuprx2.pfe\origin-cs--09-26-2023-12-03-AM-1020-Sample-101\Test\Prototype\TestPrototype.cs
	~03 ContentByteArray: . . . <297>
}

~10 ContentByteArray:
117
115
105
110
103
32
78
111
116
67
111
114
101
59
10
10
110
97
109
101
115
112
97
99
101
32
78
111
116
67
111
114
101
10
123
10
9
117
115
105
110
103
32
83
121
115
116
101
109
59
10
10
9
105
110
116
101
114
110
97
108
32
112
97
114
116
105
97
108
32
99
108
97
115
115
32
84
101
115
116
10
9
123
10
9
9
105
110
116
101
114
110
97
108
32
84
101
115
116
40
66
111
111
108
101
97
110
32
100
101
98
117
103
41
10
9
9
123
10
9
9
9
84
101
115
116
68
97
116
97
32
100
97
116
97
59
10
10
9
9
9
100
97
116
97
32
61
32
110
101
119
32
84
101
115
116
68
97
116
97
40
41
59
10
10
9
9
9
105
102
32
40
100
101
98
117
103
32
105
115
32
116
114
117
101
41
10
9
9
9
123
10
10
9
9
9
9
100
97
116
97
46
73
115
68
101
98
117
103
32
61
32
116
114
117
101
59
10
9
9
9
125
10
9
9
9
101
108
115
101
10
9
9
9
9
34
102
97
108
115
101
34
46
84
111
83
116
114
105
110
103
40
41
59
10
10
9
9
9
116
104
105
115
46
68
97
116
97
32
61
32
100
97
116
97
59
10
10
9
9
9
114
101
116
117
114
110
59
10
9
9
125
10
9
125
10
125