VirtualFolder :: {
.compress
	~01 IsDebug::True
.compress-raw
	~02 FullName: C:\Users\todor\OneDrive\Desktop\Origin Folder\program-bootstrap\bin\Debug\bootstrap-working-directory-5hbuprx2.pfe\origin-cs--09-26-2023-12-03-AM-1020-Sample-101\Test\Object\TestDataObject
	~03 FilesystemEntryArrayList: . . . <1>
}

~10 FilesystemEntryArrayList:
VirtualFile :: {
.compress
	~01 IsDebug: True
.compress-raw
	~02 Filename: C:\Users\todor\OneDrive\Desktop\Origin Folder\program-bootstrap\bin\Debug\bootstrap-working-directory-5hbuprx2.pfe\origin-cs--09-26-2023-12-03-AM-1020-Sample-101\Test\Object\TestDataObject\TestDataObject.cs
	~03 ContentByteArray: . . . <423>
}

~10 ContentByteArray:
117
115
105
110
103
32
78
111
116
67
111
114
101
59
10
10
110
97
109
101
115
112
97
99
101
32
78
111
116
67
111
114
101
10
123
10
9
117
115
105
110
103
32
83
121
115
116
101
109
59
10
10
9
105
110
116
101
114
110
97
108
32
112
97
114
116
105
97
108
32
115
116
114
117
99
116
32
84
101
115
116
68
97
116
97
10
9
123
10
10
9
9
112
117
98
108
105
99
32
111
118
101
114
114
105
100
101
32
83
116
114
105
110
103
32
84
111
83
116
114
105
110
103
40
41
10
9
9
123
10
9
9
9
114
101
116
117
114
110
32
83
116
114
105
110
103
46
74
111
105
110
40
39
92
110
39
46
84
111
83
116
114
105
110
103
40
41
44
32
110
101
119
32
83
116
114
105
110
103
91
93
32
123
10
10
9
9
9
9
83
116
114
105
110
103
46
69
109
112
116
121
32
43
32
110
97
109
101
111
102
40
84
101
115
116
41
32
43
32
39
32
39
32
43
32
34
58
58
34
32
43
32
39
32
39
32
43
32
110
97
109
101
111
102
40
84
101
115
116
68
97
116
97
41
32
43
32
39
32
39
32
43
32
39
123
39
44
10
9
9
9
9
83
116
114
105
110
103
46
69
109
112
116
121
32
43
32
39
46
39
32
43
32
34
100
97
116
97
34
44
10
9
9
9
9
83
116
114
105
110
103
46
69
109
112
116
121
32
43
32
39
92
116
39
32
43
32
39
126
39
32
43
32
34
48
49
34
32
43
32
39
32
39
32
43
32
110
97
109
101
111
102
40
73
115
68
101
98
117
103
41
32
43
32
39
58
39
32
43
32
39
32
39
32
43
32
73
115
68
101
98
117
103
44
10
9
9
9
9
83
116
114
105
110
103
46
69
109
112
116
121
32
43
32
39
125
39
10
9
9
9
125
41
59
10
9
9
125
10
9
125
10
125